$ANSIBLE_VAULT;1.1;AES256
33396336653966346133316366613762623131663461343735363931356466396365396664343830
3039353738333932376431613663353761353063373332300a353632396261616133616132613733
33656531343332643532373661643165313661393762303537336533623038363239343936333732
6135353632663836320a613832306136373039356561633361346433653438386537623964306363
30656432353865326232376566623861633563646533353330633632643766623966396535383731
37353764366637333834643766343462633861626362343935386564373139613832366431316531
34633439613463393938633564373332373232343436323735383461356161656631633462356234
32646633383365643536613935393537333362643239343336613962623336643465313765333131
62616137303635316364306537323932633931396665656532303332313638643236663631323962
36363632333238306364363965646161623031363564616434323764343366663139616163656138
353662396430646337356663346630333930
